10 0.6312500238418579 4.8653786182403564
11 0.6312500238418579 5.5373008251190186
12 0.6312500238418579 5.421751260757446
13 0.606249988079071 6.0907111167907715
14 0.625 6.180495977401733
15 0.6312500238418579 7.3633832931518555
16 0.643750011920929 8.121097564697266
17 0.675000011920929 7.600694179534912
18 0.675000011920929 8.199132919311523
19 0.675000011920929 8.732224702835083
20 0.643750011920929 9.328173875808716
21 0.643750011920929 10.052650213241577
22 0.6499999761581421 9.647266864776611
23 0.65625 10.403408527374268
24 0.675000011920929 11.182173490524292
25 0.6812499761581421 11.171313285827637
26 0.6875 11.996646165847778
27 0.6625000238418579 12.286185503005981
28 0.675000011920929 12.174811363220215
29 0.643750011920929 12.802711963653564
30 0.675000011920929 14.196528196334839
31 0.6812499761581421 13.49391770362854
32 0.6812499761581421 14.031855583190918
33 0.6625000238418579 15.252954244613647
34 0.65625 13.88571834564209
35 0.675000011920929 15.821109056472778
36 0.6625000238418579 16.19063425064087
37 0.675000011920929 16.7654230594635
38 0.7124999761581421 16.95705533027649
39 0.65625 17.189451217651367
40 0.6875 17.553720235824585
41 0.6937500238418579 17.979007720947266
42 0.675000011920929 19.071415662765503
43 0.675000011920929 17.961514711380005
44 0.706250011920929 20.94923758506775
45 0.699999988079071 19.11259126663208
46 0.6812499761581421 21.413275957107544
47 0.6625000238418579 20.873122930526733
48 0.6812499761581421 22.7259681224823
49 0.6812499761581421 22.400389671325684
50 0.6875 22.990973472595215
51 0.6937500238418579 23.164936065673828
52 0.65625 24.62898540496826
53 0.6937500238418579 24.627257347106934
54 0.71875 22.956475257873535
55 0.6812499761581421 24.318714141845703
56 0.668749988079071 25.217368364334106
57 0.6875 25.06535291671753
58 0.706250011920929 26.687438488006592
59 0.6875 26.33407950401306
60 0.6812499761581421 26.88877034187317
61 0.6937500238418579 26.917743682861328
62 0.7124999761581421 26.018771409988403
63 0.7124999761581421 28.40794277191162
64 0.65625 28.0220787525177
65 0.6875 28.271235704421997
66 0.668749988079071 28.502975463867188
67 0.6875 30.42639946937561
68 0.699999988079071 28.779294967651367
69 0.7250000238418579 30.636702060699463
70 0.6937500238418579 31.730170488357544
71 0.699999988079071 31.467672109603882
72 0.7250000238418579 32.072171449661255
73 0.731249988079071 31.205334901809692
74 0.668749988079071 32.93138813972473
75 0.699999988079071 33.28237056732178
76 0.6875 34.02070903778076
77 0.6875 34.99764943122864
78 0.706250011920929 34.49475145339966
79 0.7124999761581421 34.20802879333496
80 0.706250011920929 34.508671045303345
81 0.699999988079071 33.56348419189453
82 0.7250000238418579 35.42744421958923
83 0.7124999761581421 36.55403184890747
84 0.731249988079071 37.270357608795166
85 0.71875 37.722604513168335
86 0.7124999761581421 38.07103633880615
87 0.71875 39.275384187698364
88 0.7250000238418579 39.551392555236816
89 0.7250000238418579 38.97858119010925
90 0.706250011920929 41.63809680938721
91 0.731249988079071 40.280555725097656
92 0.699999988079071 39.363574743270874
93 0.699999988079071 40.770116090774536
94 0.7124999761581421 40.88078546524048
95 0.7250000238418579 41.58472681045532
96 0.6875 40.227739334106445
97 0.71875 42.08188462257385
98 0.6937500238418579 44.06898069381714
99 0.6812499761581421 43.402008056640625
100 0.706250011920929 44.045204877853394
101 0.706250011920929 44.21887445449829
102 0.706250011920929 45.75391125679016
103 0.75 43.88410544395447
104 0.6937500238418579 44.66142392158508
105 0.6875 45.162068367004395
106 0.6875 47.71042490005493
107 0.71875 47.612446308135986
108 0.699999988079071 49.49541687965393
109 0.7124999761581421 48.35889983177185
110 0.6875 48.98726272583008
111 0.699999988079071 48.44573354721069
112 0.706250011920929 49.937989950180054
113 0.71875 49.504289388656616
114 0.675000011920929 52.274829626083374
115 0.737500011920929 50.7574565410614
116 0.7250000238418579 51.24693727493286
117 0.7124999761581421 51.60128879547119
118 0.731249988079071 52.12366509437561
119 0.706250011920929 52.50622320175171
120 0.699999988079071 52.77019453048706
121 0.71875 51.749038219451904
122 0.706250011920929 52.33027791976929
123 0.7250000238418579 54.626477003097534
124 0.7250000238418579 53.18898558616638
125 0.7250000238418579 54.85855412483215
126 0.7124999761581421 54.36080193519592
127 0.699999988079071 56.466047048568726
128 0.731249988079071 56.70054745674133
129 0.7250000238418579 57.80185294151306
130 0.71875 55.02248430252075
131 0.706250011920929 57.62385058403015
132 0.6812499761581421 57.93618202209473
133 0.7250000238418579 59.644025802612305
134 0.7250000238418579 59.71845746040344
135 0.7250000238418579 58.829020977020264
136 0.71875 62.35267114639282
137 0.731249988079071 63.82388925552368
138 0.731249988079071 59.51633906364441
139 0.706250011920929 61.362226247787476
140 0.71875 61.27249717712402
141 0.7562500238418579 62.389519453048706
142 0.7124999761581421 63.245269775390625
143 0.699999988079071 61.22856116294861
144 0.737500011920929 62.22389626502991
145 0.71875 63.62507176399231
146 0.71875 64.72977113723755
147 0.7250000238418579 63.85439395904541
148 0.7124999761581421 62.42343521118164
149 0.71875 65.46908760070801
150 0.706250011920929 66.11689829826355
151 0.7124999761581421 68.02103304862976
152 0.737500011920929 66.58904957771301
153 0.706250011920929 66.39504861831665
154 0.731249988079071 66.40841341018677
155 0.7437499761581421 65.01472473144531
156 0.6812499761581421 65.46502780914307
157 0.7124999761581421 67.14972996711731
158 0.6875 70.1149332523346
159 0.7250000238418579 68.07391047477722
160 0.6937500238418579 71.96417999267578
161 0.731249988079071 70.3213882446289
162 0.706250011920929 75.69969415664673
163 0.7250000238418579 72.38927435874939
164 0.75 69.34223937988281
165 0.6937500238418579 69.58055400848389
166 0.71875 72.40677809715271
167 0.699999988079071 73.92134284973145
168 0.71875 73.92997121810913
169 0.7250000238418579 73.38134598731995
170 0.6937500238418579 74.15537190437317
171 0.7124999761581421 74.12850832939148
172 0.731249988079071 75.63683438301086
173 0.71875 74.34534072875977
174 0.71875 73.10197901725769
175 0.706250011920929 77.95340657234192
176 0.71875 74.66671419143677
177 0.737500011920929 77.922771692276
178 0.7437499761581421 78.06357550621033
179 0.7124999761581421 80.03462290763855
180 0.7124999761581421 78.84890222549438
181 0.7250000238418579 80.74858617782593
182 0.699999988079071 79.47367811203003
183 0.731249988079071 79.12652802467346
184 0.6937500238418579 82.96748161315918
185 0.7437499761581421 81.70487356185913
186 0.737500011920929 82.6726131439209
187 0.7250000238418579 81.00916934013367
188 0.75 82.06543469429016
189 0.706250011920929 83.39209914207458
190 0.75 83.20462036132812
191 0.7437499761581421 83.74675154685974
192 0.71875 86.00492930412292
193 0.706250011920929 84.821768283844
194 0.699999988079071 84.77936959266663
195 0.7250000238418579 85.50534248352051
196 0.731249988079071 86.9489414691925
197 0.6937500238418579 86.29062056541443
198 0.7250000238418579 88.06351852416992
199 0.731249988079071 87.53292512893677
