10 0.6625000238418579 3.5438907146453857
11 0.6312500238418579 3.8605570793151855
12 0.612500011920929 4.007277727127075
13 0.668749988079071 4.2875120639801025
14 0.668749988079071 4.550726890563965
15 0.643750011920929 5.083307266235352
16 0.6187499761581421 5.3127851486206055
17 0.6625000238418579 5.475344896316528
18 0.643750011920929 5.553023815155029
19 0.6625000238418579 6.552526235580444
20 0.6499999761581421 6.158440589904785
21 0.668749988079071 6.944179058074951
22 0.6937500238418579 6.719163656234741
23 0.675000011920929 6.945282936096191
24 0.6625000238418579 7.990621089935303
25 0.643750011920929 7.882355690002441
26 0.668749988079071 8.140461683273315
27 0.6625000238418579 7.885747194290161
28 0.706250011920929 8.85657286643982
29 0.699999988079071 9.109120607376099
30 0.706250011920929 9.83358383178711
31 0.6812499761581421 9.23021650314331
32 0.675000011920929 9.647408723831177
33 0.6875 9.901459455490112
34 0.6625000238418579 10.116902589797974
35 0.706250011920929 10.15508222579956
36 0.668749988079071 10.560302734375
37 0.706250011920929 10.897890329360962
38 0.65625 11.381585359573364
39 0.6875 11.517542839050293
40 0.6812499761581421 11.893344402313232
41 0.637499988079071 12.461523294448853
42 0.675000011920929 12.245901346206665
43 0.675000011920929 13.194315433502197
44 0.699999988079071 13.221269369125366
45 0.6875 13.942081689834595
46 0.7124999761581421 13.760601282119751
47 0.675000011920929 13.825536251068115
48 0.7124999761581421 14.733989000320435
49 0.6875 14.390440464019775
50 0.731249988079071 14.705732822418213
51 0.6875 14.821630239486694
52 0.6812499761581421 14.74312949180603
53 0.706250011920929 15.777973890304565
54 0.675000011920929 16.28702473640442
55 0.6812499761581421 16.78730320930481
56 0.675000011920929 16.42252779006958
57 0.699999988079071 17.146987199783325
58 0.7124999761581421 17.2353618144989
59 0.6875 17.12474751472473
60 0.6812499761581421 17.557050228118896
61 0.71875 19.221420764923096
62 0.71875 18.475188493728638
63 0.706250011920929 18.04569959640503
64 0.675000011920929 18.60780429840088
65 0.706250011920929 18.638694047927856
66 0.699999988079071 19.479403018951416
67 0.6875 18.887595891952515
68 0.6875 19.57492470741272
69 0.7437499761581421 20.536612510681152
70 0.706250011920929 20.58374810218811
71 0.7437499761581421 20.280909299850464
72 0.699999988079071 21.80046010017395
73 0.7124999761581421 21.211023569107056
74 0.7124999761581421 21.74622654914856
75 0.6875 22.08420753479004
76 0.7124999761581421 22.4337739944458
77 0.71875 23.052783250808716
78 0.6937500238418579 23.25835871696472
79 0.731249988079071 23.69307780265808
80 0.731249988079071 23.44513964653015
81 0.731249988079071 23.864420413970947
82 0.7124999761581421 23.831162929534912
83 0.6937500238418579 23.42005443572998
84 0.706250011920929 24.604814291000366
85 0.6937500238418579 23.46201753616333
86 0.7124999761581421 24.610180139541626
87 0.7250000238418579 24.187724351882935
88 0.706250011920929 26.203166246414185
89 0.699999988079071 24.865899324417114
90 0.6875 26.534111261367798
91 0.71875 26.76166582107544
92 0.7124999761581421 26.41082191467285
93 0.737500011920929 27.109055042266846
94 0.7437499761581421 27.528847455978394
95 0.7124999761581421 27.08348250389099
96 0.7124999761581421 28.00772476196289
97 0.731249988079071 29.061019897460938
98 0.6937500238418579 28.305721282958984
99 0.7124999761581421 28.532048225402832
100 0.6937500238418579 28.64961886405945
101 0.7562500238418579 29.536997079849243
102 0.706250011920929 30.14542579650879
103 0.7250000238418579 29.992103576660156
104 0.7250000238418579 29.985018968582153
105 0.706250011920929 30.504101991653442
106 0.706250011920929 31.10500192642212
107 0.7124999761581421 31.592482328414917
108 0.6937500238418579 31.171984672546387
109 0.699999988079071 30.98139476776123
110 0.699999988079071 31.877122402191162
111 0.7124999761581421 33.714701890945435
112 0.6937500238418579 32.85062026977539
113 0.7250000238418579 33.95418310165405
114 0.7250000238418579 32.651371479034424
115 0.7124999761581421 33.29205083847046
116 0.731249988079071 33.53291416168213
117 0.699999988079071 32.59992074966431
118 0.731249988079071 33.817606687545776
119 0.706250011920929 34.53522992134094
120 0.7437499761581421 35.02490711212158
121 0.737500011920929 35.2940673828125
122 0.737500011920929 35.25666284561157
123 0.737500011920929 34.59746980667114
124 0.75 35.66214203834534
125 0.706250011920929 34.8356454372406
126 0.6937500238418579 36.07345724105835
127 0.71875 36.82946848869324
128 0.75 36.49412512779236
129 0.731249988079071 37.580487966537476
130 0.699999988079071 37.64230990409851
131 0.7124999761581421 37.43102216720581
132 0.737500011920929 36.92435836791992
133 0.737500011920929 39.69214725494385
134 0.737500011920929 38.69422674179077
135 0.737500011920929 38.86492943763733
136 0.6937500238418579 39.423455238342285
137 0.731249988079071 39.16168284416199
138 0.699999988079071 40.12024664878845
139 0.71875 39.38267159461975
140 0.71875 40.764965534210205
141 0.7124999761581421 41.21339440345764
142 0.706250011920929 40.88225984573364
143 0.731249988079071 41.40267539024353
144 0.737500011920929 42.294583559036255
145 0.71875 42.89492726325989
146 0.731249988079071 42.28598070144653
147 0.737500011920929 42.89515233039856
148 0.6937500238418579 43.19999837875366
149 0.6875 41.96474289894104
150 0.7562500238418579 43.53530716896057
151 0.7124999761581421 43.761882066726685
152 0.731249988079071 43.20793676376343
153 0.71875 44.29585075378418
154 0.6937500238418579 44.264249086380005
155 0.6937500238418579 43.82836031913757
156 0.6875 44.401092290878296
157 0.7250000238418579 46.090697050094604
158 0.731249988079071 45.440945863723755
159 0.7124999761581421 44.95233726501465
160 0.7250000238418579 45.236615896224976
161 0.699999988079071 45.99746870994568
162 0.731249988079071 46.663694620132446
163 0.731249988079071 46.33433723449707
164 0.7250000238418579 47.23726534843445
165 0.731249988079071 47.526678800582886
166 0.699999988079071 47.58218169212341
167 0.731249988079071 47.11449933052063
168 0.7250000238418579 49.68310475349426
169 0.7250000238418579 48.773401498794556
170 0.71875 48.75889444351196
171 0.737500011920929 48.35195994377136
172 0.7437499761581421 48.900166273117065
173 0.6937500238418579 50.32437825202942
174 0.737500011920929 48.44271802902222
175 0.7250000238418579 50.58693170547485
176 0.699999988079071 51.06052613258362
177 0.7124999761581421 50.41741681098938
178 0.706250011920929 51.387927532196045
179 0.7250000238418579 50.29025387763977
180 0.71875 51.1327645778656
181 0.737500011920929 51.5153911113739
182 0.7437499761581421 51.85672307014465
183 0.737500011920929 53.54996585845947
184 0.7124999761581421 52.045612812042236
185 0.699999988079071 53.06406283378601
186 0.71875 54.242836713790894
187 0.71875 54.47770690917969
188 0.737500011920929 53.662126302719116
189 0.75 53.466294050216675
190 0.7124999761581421 56.1124951839447
191 0.731249988079071 54.7547721862793
192 0.71875 55.40955710411072
193 0.731249988079071 54.4606499671936
194 0.71875 55.29617714881897
195 0.7124999761581421 55.054903984069824
196 0.7437499761581421 57.301692485809326
197 0.706250011920929 56.84083819389343
198 0.737500011920929 56.07723569869995
199 0.71875 57.15263605117798
